1; 1;  0.016784; 1.081496; 0.499886; 0.254257;
2; 1;  0.016984; 0.950135; 0.500025; 0.255509;
0; 1;  0.021534; 0.343594; 0.499888; 0.255302;
3; 1;  0.018251; 0.812145; 0.500144; 0.256730;
5; 1;  0.017857; 0.517580; 0.500304; 0.258180;
4; 1;  0.018296; 0.664432; 0.500233; 0.256793;
3; 2;  0.022742; 0.526032; 0.715487; 0.331503;
1; 2;  0.020636; 1.082577; 0.715190; 0.333776;
0; 2;  0.018171; 0.304974; 0.715192; 0.330730;
5; 2;  0.018995; 0.684792; 0.715649; 0.344445;
2; 2;  0.018958; 0.684959; 0.715355; 0.331295;
4; 2;  0.020490; 1.082410; 0.715586; 0.333596;
1; 3;  0.030329; 0.981017; 0.715335; 0.475671;
0; 3;  0.023191; 0.320311; 0.715338; 0.480588;
4; 3;  0.019132; 0.503674; 0.715724; 0.483641;
5; 3;  0.030454; 0.980859; 0.715793; 0.484023;
2; 3;  0.019240; 0.503621; 0.715500; 0.479947;
3; 3;  0.030974; 0.979417; 0.715621; 0.483418;
2; 4;  0.057565; 0.673256; 0.724501; 0.459196;
3; 4;  0.041750; 0.975793; 0.724648; 0.468291;
4; 4;  0.042085; 0.975361; 0.724764; 0.467955;
0; 4;  0.014708; 0.308486; 0.724379; 0.467317;
5; 4;  0.035855; 0.982012; 0.724815; 0.468815;
1; 4;  0.041629; 0.976116; 0.724374; 0.466692;
2; 5;  0.048010; 0.868246; 0.734811; 0.497388;
5; 5;  0.046365; 0.870292; 0.735090; 0.499772;
1; 5;  0.047752; 0.868524; 0.734634; 0.497607;
3; 5;  0.049764; 0.866107; 0.734935; 0.499519;
0; 5;  0.027601; 0.464983; 0.734637; 0.492449;
4; 5;  0.048014; 0.868057; 0.734995; 0.498709;
4; 7;  0.047593; 0.877074; 0.739847; 0.500161;
2; 7;  0.047429; 0.877406; 0.739658; 0.498976;
0; 7;  0.026714; 0.473503; 0.739475; 0.500028;
3; 7;  0.048239; 0.876649; 0.739775; 0.498505;
1; 7;  0.046822; 0.877942; 0.739472; 0.497006;
5; 7;  0.047583; 0.878006; 0.739931; 0.499228;
1; 10;  0.043996; 0.896463; 0.754830; 0.513577;
4; 10;  0.050729; 0.889377; 0.755177; 0.514440;
3; 10;  0.058638; 0.877489; 0.755105; 0.510585;
2; 10;  0.044655; 0.895785; 0.755002; 0.513004;
5; 10;  0.043499; 0.897549; 0.755256; 0.513932;
0; 10;  0.028522; 0.473664; 0.754833; 0.511191;
0; 10;  0.021765; 0.485665; 0.767142; 0.512761;
3; 10;  0.048355; 0.890577; 0.767288; 0.519750;
4; 10;  0.048690; 0.890300; 0.767346; 0.518680;
2; 10;  0.048668; 0.890515; 0.767210; 0.518593;
5; 10;  0.044775; 0.895380; 0.767432; 0.514692;
1; 10;  0.048302; 0.890605; 0.767140; 0.517718;
3; 10;  0.048580; 0.890395; 0.768655; 0.506879;
2; 10;  0.048992; 0.890525; 0.768594; 0.513798;
0; 10;  0.022006; 0.483881; 0.768534; 0.509827;
1; 10;  0.047939; 0.890418; 0.768531; 0.513695;
5; 10;  0.044245; 0.896113; 0.768800; 0.514184;
4; 10;  0.047838; 0.890397; 0.768707; 0.514405;
3; 10;  0.047573; 0.892554; 0.765301; 0.512808;
0; 10;  0.021747; 0.485510; 0.765173; 0.507420;
1; 10;  0.047648; 0.893101; 0.765168; 0.514382;
2; 10;  0.052335; 0.888243; 0.765240; 0.517784;
5; 10;  0.045416; 0.895623; 0.765443; 0.519856;
4; 10;  0.048935; 0.891462; 0.765343; 0.517508;
0; 10;  0.021877; 0.485933; 0.766257; 0.510284;
2; 10;  0.046118; 0.896840; 0.766315; 0.513877;
1; 10;  0.048863; 0.894232; 0.766253; 0.509111;
5; 10;  0.046169; 0.897213; 0.766523; 0.514959;
3; 10;  0.046940; 0.896035; 0.766379; 0.511595;
4; 10;  0.051437; 0.891621; 0.766432; 0.510814;
4; 1;  0.018047; 0.668595; 0.514588; 0.256489;
2; 1;  0.016972; 0.953875; 0.514421; 0.255291;
5; 1;  0.017628; 0.522823; 0.514637; 0.257146;
0; 1;  0.021530; 0.349522; 0.514393; 0.254411;
1; 1;  0.016771; 1.084068; 0.514387; 0.253381;
3; 1;  0.017338; 0.817463; 0.514485; 0.256716;
1; 1;  0.016768; 1.079626; 0.513929; 0.254168;
0; 1;  0.021537; 0.345404; 0.513934; 0.253125;
3; 1;  0.017613; 0.812994; 0.514058; 0.256610;
2; 1;  0.016952; 0.948895; 0.513997; 0.255571;
4; 1;  0.017252; 0.668297; 0.514139; 0.257354;
5; 1;  0.019055; 0.525405; 0.514209; 0.256607;
3; 1;  0.017988; 0.812202; 0.553432; 0.256921;
4; 1;  0.017394; 0.665659; 0.553487; 0.256793;
5; 1;  0.017406; 0.520009; 0.553574; 0.257423;
0; 1;  0.019988; 0.351589; 0.553318; 0.254444;
1; 1;  0.016771; 1.078558; 0.553315; 0.253777;
2; 1;  0.017004; 0.948233; 0.553371; 0.255945;
0; 1;  0.000117; 0.003861; 0.002683; 0.002688; 0.001239;
1; 1;  0.000142; 0.006227; 0.003049; 0.002804; 0.001485;
0; 1;  0.000125; 0.002355; 0.003050; 0.002804; 0.001205;
2; 1;  0.000140; 0.005615; 0.003049; 0.002810; 0.001492;
2; 1;  0.000123; 0.002142; 0.002683; 0.002695; 0.001327;
1; 1;  0.000154; 0.002954; 0.002683; 0.002688; 0.001302;
0; 1;  0.000116; 0.003794; 0.002640; 0.002761; 0.001212;
0; 1;  0.000123; 0.002430; 0.002980; 0.002886; 0.001224;
1; 1;  0.000141; 0.006294; 0.002981; 0.002878; 0.001392;
2; 1;  0.000139; 0.005688; 0.002980; 0.002885; 0.001564;
2; 1;  0.000122; 0.002080; 0.002641; 0.002765; 0.001324;
1; 1;  0.000151; 0.002892; 0.002640; 0.002760; 0.001521;
0; 1;  0.000114; 0.003807; 0.002611; 0.002637; 0.001205;
0; 1;  0.000120; 0.002367; 0.003007; 0.002968; 0.001167;
1; 1;  0.000138; 0.006684; 0.003008; 0.002946; 0.001429;
2; 1;  0.000124; 0.002085; 0.002610; 0.002644; 0.001290;
2; 1;  0.000142; 0.005857; 0.003008; 0.002951; 0.001442;
1; 1;  0.000151; 0.002898; 0.002611; 0.002636; 0.001478;
1; 1;  0.000119; 0.006113; 0.002924; 0.002726; 0.001633;
0; 1;  0.000120; 0.003846; 0.002785; 0.003050; 0.001257;
2; 1;  0.000134; 0.002533; 0.002793; 0.003054; 0.001344;
0; 1;  0.000121; 0.002361; 0.002925; 0.002726; 0.001296;
1; 1;  0.000130; 0.006691; 0.003282; 0.002787; 0.001406;
1; 1;  0.000155; 0.003157; 0.002784; 0.003049; 0.001521;
0; 1;  0.000126; 0.004055; 0.003247; 0.002896; 0.001233;
2; 1;  0.000147; 0.005258; 0.002924; 0.002732; 0.001630;
2; 1;  0.000131; 0.002716; 0.003268; 0.002902; 0.001373;
1; 1;  0.000132; 0.003375; 0.003247; 0.002894; 0.001455;
2; 1;  0.000127; 0.005818; 0.003282; 0.002793; 0.001406;
0; 1;  0.000116; 0.002594; 0.003282; 0.002788; 0.001303;
2; 1;  0.000152; 0.002169; 0.002898; 0.002954; 0.001584;
1; 1;  0.000123; 0.003023; 0.002898; 0.002948; 0.001352;
0; 1;  0.000114; 0.003897; 0.002898; 0.002949; 0.001269;
1; 1;  0.000141; 0.006596; 0.003009; 0.002829; 0.001640;
2; 1;  0.000150; 0.002196; 0.002857; 0.002880; 0.001555;
1; 1;  0.000124; 0.002842; 0.002857; 0.002874; 0.001331;
2; 1;  0.000115; 0.005824; 0.003008; 0.002836; 0.001402;
0; 1;  0.000116; 0.003486; 0.002857; 0.002875; 0.001248;
0; 1;  0.000118; 0.002387; 0.003009; 0.002835; 0.001324;
1; 1;  0.000142; 0.005966; 0.003148; 0.002711; 0.001614;
2; 1;  0.000151; 0.002218; 0.002775; 0.002949; 0.001574;
1; 1;  0.000124; 0.002865; 0.002774; 0.002942; 0.001342;
2; 1;  0.000142; 0.005157; 0.003148; 0.002717; 0.001638;
0; 1;  0.000121; 0.003509; 0.002774; 0.002944; 0.001262;
0; 1;  0.000126; 0.002356; 0.003147; 0.002712; 0.001340;
1; 1;  0.000142; 0.006065; 0.002996; 0.002788; 0.001621;
2; 1;  0.000155; 0.002572; 0.002964; 0.002914; 0.001573;
2; 1;  0.000142; 0.005259; 0.002990; 0.002800; 0.001672;
1; 1;  0.000124; 0.003216; 0.002958; 0.002907; 0.001316;
0; 1;  0.000121; 0.003853; 0.002958; 0.002909; 0.001258;
1; 1;  0.000145; 0.006020; 0.003218; 0.002815; 0.001641;
2; 1;  0.000133; 0.002628; 0.003255; 0.002746; 0.001518;
0; 1;  0.000130; 0.004368; 0.003230; 0.002741; 0.001225;
0; 1;  0.000124; 0.002428; 0.002995; 0.002790; 0.001332;
1; 1;  0.000130; 0.003500; 0.003231; 0.002740; 0.001518;
2; 1;  0.000146; 0.005212; 0.003218; 0.002820; 0.001697;
0; 1;  0.000132; 0.002378; 0.003218; 0.002819; 0.001353;
1; 1;  0.000128; 0.006799; 0.003201; 0.002851; 0.001545;
2; 1;  0.000129; 0.006152; 0.003202; 0.002857; 0.001546;
0; 1;  0.000115; 0.002574; 0.003202; 0.002852; 0.001397;
1; 1;  0.000139; 0.005959; 0.002901; 0.002739; 0.001594;
0; 1;  0.000119; 0.002373; 0.002901; 0.002740; 0.001321;
2; 1;  0.000138; 0.005154; 0.002902; 0.002745; 0.001651;
1; 1;  0.000141; 0.005950; 0.003202; 0.003043; 0.001393;
0; 1;  0.000131; 0.002368; 0.003202; 0.003053; 0.001151;
2; 1;  0.000140; 0.005151; 0.003200; 0.003051; 0.001442;
1; 1;  0.000143; 0.005923; 0.003118; 0.002893; 0.001399;
0; 1;  0.000131; 0.002352; 0.003118; 0.002912; 0.001155;
2; 1;  0.000140; 0.005121; 0.003118; 0.002899; 0.001422;
1; 1;  0.000142; 0.006286; 0.002947; 0.002786; 0.001623;
0; 1;  0.000123; 0.002468; 0.002946; 0.002787; 0.001347;
2; 1;  0.000146; 0.005677; 0.002947; 0.002792; 0.001692;
1; 1;  0.000125; 0.006740; 0.003250; 0.002826; 0.001349;
0; 1;  0.000115; 0.002586; 0.003250; 0.002827; 0.001260;
2; 1;  0.000128; 0.006089; 0.003249; 0.002834; 0.001347;
0; 1;  0.000117; 0.003479; 0.003050; 0.002859; 0.001255;
0; 1;  0.000120; 0.003346; 0.002646; 0.002631; 0.001196;
0; 1;  0.000115; 0.003289; 0.002596; 0.002564; 0.001196;
0; 1;  0.000120; 0.004092; 0.002912; 0.002985; 0.001267;
2; 1;  0.000151; 0.002204; 0.003050; 0.002865; 0.001561;
0; 1;  0.000125; 0.004321; 0.003118; 0.002922; 0.001249;
2; 1;  0.000123; 0.002105; 0.002646; 0.002637; 0.001304;
2; 1;  0.000126; 0.002077; 0.002597; 0.002570; 0.001313;
1; 1;  0.000123; 0.002843; 0.003051; 0.002857; 0.001292;
2; 1;  0.000128; 0.002406; 0.002921; 0.002990; 0.001360;
1; 1;  0.000152; 0.002687; 0.002646; 0.002631; 0.001538;
2; 1;  0.000131; 0.002651; 0.003141; 0.002929; 0.001310;
1; 1;  0.000149; 0.002675; 0.002597; 0.002562; 0.001462;
1; 1;  0.000124; 0.003240; 0.002913; 0.002983; 0.001492;
1; 1;  0.000136; 0.003505; 0.003119; 0.002922; 0.001321;
2; 1;  0.016713; 0.524582; 0.251432;
3; 1;  0.016760; 0.397704; 0.252569;
1; 1;  0.016741; 0.651438; 0.250589;
0; 1;  0.016278; 0.000025; 0.251004;
5; 1;  0.016650; 0.144290; 0.251405;
4; 1;  0.016686; 0.270941; 0.251406;
1; 10;  0.016759; 0.648728; 0.249180;
0; 10;  0.016273; 0.000030; 0.250171;
3; 10;  0.016792; 0.396097; 0.251229;
2; 10;  0.016776; 0.522473; 0.250858;
4; 10;  0.016745; 0.269834; 0.250727;
5; 10;  0.016643; 0.143821; 0.251145;
0; 1;  0.016297; 0.000026; 0.250517;
1; 1;  0.016767; 0.649160; 0.249302;
4; 1;  0.016777; 0.270664; 0.250876;
5; 1;  0.016657; 0.144678; 0.251549;
3; 1;  0.016770; 0.396848; 0.251890;
2; 1;  0.016744; 0.523078; 0.251052;
4; 1;  0.016789; 0.270500; 0.250684;
0; 1;  0.016269; 0.000027; 0.250338;
3; 1;  0.016781; 0.396842; 0.250985;
2; 1;  0.016745; 0.522940; 0.250500;
1; 1;  0.016723; 0.648982; 0.249482;
5; 1;  0.016660; 0.144426; 0.250746;
2; 1;  0.016752; 0.524163; 0.250819;
1; 1;  0.016781; 0.650494; 0.249724;
4; 1;  0.016797; 0.271224; 0.250875;
3; 1;  0.016784; 0.397663; 0.251161;
0; 1;  0.016337; 0.000027; 0.250575;
5; 1;  0.016668; 0.144919; 0.250710;
5; 3;  0.015333; 0.144131; 0.249571;
3; 3;  0.015501; 0.401402; 0.257051;
0; 3;  0.014970; 0.000031; 0.248507;
2; 3;  0.015567; 0.530102; 0.253316;
1; 3;  0.015473; 0.658827; 0.252544;
4; 3;  0.015523; 0.272575; 0.253456;
5; 1;  0.016668; 0.144837; 0.251003;
0; 1;  0.016297; 0.000028; 0.250309;
1; 1;  0.016755; 0.649457; 0.249074;
2; 1;  0.016761; 0.523380; 0.250774;
4; 1;  0.016810; 0.270767; 0.250596;
3; 1;  0.016753; 0.397158; 0.251049;
5; 1;  0.016645; 0.144150; 0.250765;
0; 1;  0.016293; 0.000026; 0.250196;
2; 1;  0.016784; 0.522847; 0.250599;
3; 1;  0.016747; 0.396519; 0.250884;
1; 1;  0.016766; 0.649068; 0.249518;
4; 1;  0.016805; 0.270169; 0.250526;
2; 1;  0.016779; 0.522886; 0.250694;
0; 1;  0.016284; 0.000029; 0.250259;
3; 1;  0.016770; 0.396539; 0.251149;
4; 1;  0.016806; 0.270193; 0.250724;
1; 1;  0.016754; 0.649149; 0.249119;
5; 1;  0.016681; 0.144177; 0.251377;
5; 1;  0.016660; 0.144220; 0.251192;
0; 1;  0.016286; 0.000028; 0.250410;
4; 1;  0.016792; 0.270263; 0.250722;
3; 1;  0.016770; 0.396704; 0.250911;
1; 1;  0.016756; 0.649238; 0.249410;
2; 1;  0.016824; 0.522998; 0.250729;
4; 1;  0.016808; 0.270388; 0.250509;
2; 1;  0.016798; 0.522765; 0.250343;
0; 1;  0.016285; 0.000025; 0.250179;
3; 1;  0.016780; 0.396620; 0.252930;
1; 1;  0.016785; 0.649010; 0.248862;
5; 1;  0.016679; 0.144303; 0.250695;
3; 1;  0.037524; 0.394141; 0.251203;
1; 1;  0.038858; 0.657171; 0.249440;
5; 1;  0.037462; 0.142592; 0.250689;
0; 1;  0.037496; 0.000026; 0.250264;
2; 1;  0.038500; 0.522723; 0.250529;
4; 1;  0.037532; 0.268218; 0.250611;
5; 1;  0.037452; 0.143950; 0.250369;
2; 1;  0.037539; 0.521267; 0.250458;
3; 1;  0.037526; 0.395248; 0.250644;
1; 1;  0.037546; 0.646763; 0.249161;
0; 1;  0.037536; 0.000023; 0.250236;
4; 1;  0.037514; 0.269492; 0.250235;
0; 1;  0.209812; 0.000009; 1.020518;
0; 1;  0.213403; 0.000009; 1.021330;
0; 2;  0.329425; 0.000009; 1.019360;
0; 2;  0.210992; 0.000009; 1.021619;
0; 2;  0.210729; 0.000010; 1.023190;
0; 2;  0.210882; 0.000009; 1.018910;
0; 2;  0.329177; 0.000011; 1.020380;
0; 2;  0.093018; 0.000011; 1.020762;
0; 2;  0.092612; 0.000011; 1.021831;
0; 2;  0.092582; 0.000011; 1.022734;
0; 2;  0.092595; 0.000012; 1.051949;
0; 2;  0.080702; 0.000010; 1.050893;
0; 2;  0.080251; 0.000010; 1.050194;
0; 3;  0.081769; 0.000010; 1.278580;
0; 3;  0.081432; 0.000009; 1.278411;
0; 4;  0.081947; 0.000010; 1.253575;
0; 1;  0.092517; 0.000009; 1.052069;
0; 1;  0.092605; 0.000009; 1.024927;
0; 2;  0.080268; 0.000009; -1442601642.281516; 1442601643.260195;
0; 1;  0.093344; 0.000010; 1.022438;
0; 2;  0.080579; 0.000009; -1442600050.670345; 1442600051.654775;
0; 1;  0.093264; 0.000009; 1.022576;
0; 2;  0.080499; 0.000341; -1442611218.372697; 1442611219.348817;
0; 2;  0.080314; 0.000012; 0.977772;
0; 4;  0.082106; 0.000015; 1.237722;
0; 2;  0.080404; 0.000012; 0.982473;
0; 3;  0.082162; 0.000015; 1.190486;
0; 1;  0.092621; 0.000009; 1.022840;
0; 3;  0.081396; 0.000018; 0.984263;
0; 2;  0.080414; 0.000018; 0.908124;
0; 2;  0.080180; 0.000013; 0.908133;
0; 1;  0.110173; 0.000009; 1.012968;
0; 2;  0.100259; 0.000010; 0.768965;
0; 3;  0.101837; 0.000011; 0.798394;
0; 2;  0.100732; 0.000014; 0.767728;
0; 2;  0.101281; 0.000011; 0.767468;
